
in  20.000000000  19.628390192  33   2.995732274   2.976976997
out      0.022044261
in  20.000000000  17.740110691  33   2.995732274   2.875828216
out      0.134308474
in  19.999770462  17.740110691  33   2.995720797   2.875828216
out      0.134294863
in  19.999615894  17.740110691  33   2.995713068   2.875828216
out      0.134285697
in  19.999533058  17.740110691  33   2.995708926   2.875828216
out      0.134280784
in  19.999401527  17.740110691  33   2.995702349   2.875828216
out      0.134272985
in  19.998803054  17.740110691  33   2.995672424   2.875828216
out      0.134237495
in  19.997606112  17.740110691  33   2.995612572   2.875828216
out      0.134166516
in  19.995212236  17.740110691  33   2.995492857   2.875828216
out      0.134024558
in  19.990424528  17.740110691  33   2.995253385   2.875828216
out      0.133740642
in  19.980849379  17.740110691  33   2.994774284   2.875828216
out      0.133172819
in  19.961701954  17.740110691  33   2.993815536   2.875828216
out      0.132037312
in  19.923425485  17.740110691  33   2.991896199   2.875828216
out      0.129767266
in  19.847029238  17.740110691  33   2.988054335   2.875828216
out      0.125235976
in  19.694928166  17.740110691  33   2.980361149   2.875828216
out      0.116212453
 
in  18.667405270  18.124556528  33   2.926778969   2.897267733
out      0.032292483
in  18.667405270  17.740110691  33   2.926778969   2.875828216
out      0.055184047
in  18.299127881  17.740110691  33   2.906853402   2.875828216
out      0.033280228

in  18.048709703  17.740110691  33   2.893074198   2.875828216
out      0.018376780
in  17.740110691  16.851006857  32   2.875828216   2.824410409
out      0.053015942
in  18.048709703  17.740110691  33   2.893074198   2.875828216
out      0.018376780
in  17.265072432  15.299195497  32   2.848685526   2.727800245
out      0.117505291
in  17.198522900  15.299195497  32   2.844823502   2.727800245
out      0.113536479
in  17.193734418  15.299195497  32   2.844545039   2.727800245
out      0.113250885
in  17.193623922  15.299195497  32   2.844538613   2.727800245
out      0.113244295
in  17.193578682  15.299195497  32   2.844535982   2.727800245
out      0.113241597
in  17.193333633  15.299195497  32   2.844521729   2.727800245
out      0.113226982

in  20.000000000  19.999038264  33   2.995732274   2.995684186
out      0.000057031
in  20.000000000  17.740110691  33   2.995732274   2.875828216
out      0.134308474
in  19.999964260  17.740110691  33   2.995730487   2.875828216
out      0.134306355
in  19.999918164  17.740110691  33   2.995728182   2.875828216
out      0.134303621
in  19.999849169  17.740110691  33   2.995724732   2.875828216
out      0.134299530
in  19.999368828  17.740110691  33   2.995700714   2.875828216
out      0.134271046
in  19.999277030  17.740110691  33   2.995696124   2.875828216
out      0.134265602
in  19.999211043  17.740110691  33   2.995692825   2.875828216
out      0.134261689
in  19.999055346  17.740110691  33   2.995685040   2.875828216
out      0.134252456

in  19.951099397  18.393304816  33   2.993284249   2.911986730
out      0.092525420
in  19.951099397  17.740110691  33   2.993284249   2.875828216
out      0.131408527
in  19.950137754  17.740110691  33   2.993236048   2.875828216
out      0.131351496
in  19.948214476  17.740110691  33   2.993139639   2.875828216
out      0.131237435
in  19.944367956  17.740110691  33   2.992946796   2.875828216
out      0.131009312
in  19.936675030  17.740110691  33   2.992561002   2.875828216
out      0.130553069
in  19.921290866  17.740110691  33   2.991789053   2.875828216
out      0.129640664
in  19.890529273  17.740110691  33   2.990243702   2.875828216
out      0.127816173
in  19.829016405  17.740110691  33   2.987146340   2.875828216
out      0.124167486
in  19.706161292  17.740110691  33   2.980931343   2.875828216
out      0.116878957
in  19.461026383  17.740110691  33   2.968413819   2.875828216
out      0.102330915
in  18.976451902  17.740110691  33   2.943198837   2.875828216
out      0.073552462

in   8.074019022   7.298438260  27   2.088651378   1.987660388
out      0.047907163
in   7.298438260   7.200866099  26   1.987660388   1.974201310
out      0.006043371
in   8.074019022   7.298438260  27   2.088651378   1.987660388
out      0.047907163
in   7.901863301   7.298438260  27   2.067098593   1.987660388
out      0.037292535
in   7.898498808   7.298438260  27   2.066672717   1.987660388
out      0.037084984

in  20.000000000  19.634942639  33   2.995732274   2.977310767
out      0.021655428
in  20.000000000  17.740110691  33   2.995732274   2.875828216
out      0.134308474
in  19.999954340  17.740110691  33   2.995729991   2.875828216
out      0.134305767
in  19.999947208  17.740110691  33   2.995729634   2.875828216
out      0.134305344
in  19.999722851  17.740110691  33   2.995718416   2.875828216
out      0.134292039
in  19.999672552  17.740110691  33   2.995715901   2.875828216
out      0.134289056
in  19.999494421  17.740110691  33   2.995706994   2.875828216
out      0.134278493
in  19.998988844  17.740110691  33   2.995681714   2.875828216
out      0.134248512
in  19.997977699  17.740110691  33   2.995631153   2.875828216
out      0.134188551
in  19.995955434  17.740110691  33   2.995530025   2.875828216
out      0.134068630
in  19.991911023  17.740110691  33   2.995327743   2.875828216
out      0.133828793
in  19.983825208  17.740110691  33   2.994923207   2.875828216
out      0.133349292
in  19.967658965  17.740110691  33   2.994113913   2.875828216
out      0.132390587
in  19.935359762  17.740110691  33   2.992495027   2.875828216
out      0.130475064
in  19.870911592  17.740110691  33   2.989256933   2.875828216
out      0.126652580
in  19.742416323  17.740110691  33   2.982769434   2.875828216
out      0.119030008

in   1.243560877   1.235313436  15   0.217978939   0.211324732
out      0.000529690
in   0.918759204   0.792404971  12  -0.084731211  -0.232682691
out      0.007859375
in   1.243560877   1.235313436  15   0.217978939   0.211324732
out      0.000529690
in   1.184247627   1.065342944  14   0.169107659   0.063296761
out      0.007588909
in   1.128751594   1.065342944  14   0.121112238   0.063296761
out      0.004040484
in   1.076893566   1.065342944  14   0.074080568   0.063296761
out      0.000734887
in   1.028606184   0.918759204  13   0.028204667  -0.084731211
out      0.006928786

in   8.268240465   7.694009842  27   2.112421725   2.040442084
out      0.035507049
in   8.268240465   7.298438260  27   2.112421725   1.987660388
out      0.060042833

in   7.683561872   7.505330352  27   2.039083225   2.015613482
out      0.011047820
in   7.683561872   7.298438260  27   2.039083225   1.987660388
out      0.023888551

in   7.397462984   7.298438260  27   2.001137101   1.987660388
out      0.006148181
in   7.298438260   7.095890287  26   1.987660388   1.959515784
out      0.012588718
in   7.397462984   7.298438260  27   2.001137101   1.987660388
out      0.006148181
in   7.165113392   6.294224186  26   1.969223887   1.839632417
out      0.054312324
in   7.100696548   6.294224186  26   1.960192885   1.839632417
out      0.050306905

in   6.878647628   6.294224186  26   1.928422067   1.839632417
out      0.036485874
in   6.294224186   5.827319673  25   1.839632417   1.762557147
out      0.029271475
in   6.878647628   6.294224186  26   1.928422067   1.839632417
out      0.036485874

in   6.852557632   6.294224186  26   1.924621959   1.839632417
out      0.034860491
in   6.840806040   6.294224186  26   1.922905567   1.839632417
out      0.034128276
in   6.835338196   6.294224186  26   1.922105949   1.839632417
out      0.033787566
in   6.833095869   6.294224186  26   1.921777846   1.839632417
out      0.033647839
in   6.832179564   6.294224186  26   1.921643739   1.839632417
out      0.033590740
in   6.832127857   6.294224186  26   1.921636171   1.839632417
out      0.033587518
in   6.831806057   6.294224186  26   1.921589069   1.839632417
out      0.033567465
in   6.831725195   6.294224186  26   1.921577232   1.839632417
out      0.033562426
in   6.831720149   6.294224186  26   1.921576494   1.839632417
out      0.033562112
in   6.831696734   6.294224186  26   1.921573067   1.839632417
out      0.033560653

in   9.101143404   9.065077271  28   2.208400054   2.204429368
out      0.002210564
in   9.101143404   8.462870001  28   2.208400054   2.135688360
out      0.039181975

in   8.828457844   8.462870001  28   2.177980350   2.135688360
out      0.022458465
in   4.681302926   4.475578057  23   1.543576474   1.498635518
out      0.013016818
in   8.828457844   8.462870001  28   2.177980350   2.135688360
out      0.022458465
in   8.453273881   7.298438260  27   2.134553808   1.987660388
out      0.071254043
in   7.715638538   7.298438260  27   2.043249248   1.987660388
out      0.025798278
in   7.523220772   7.298438260  27   2.017994340   1.987660388
out      0.013908136
in   7.493610597   7.298438260  27   2.014050737   1.987660388
out      0.012077169
in   7.486632342   7.298438260  27   2.013119076   1.987660388
out      0.011645614
in   7.484621334   7.298438260  27   2.012850427   1.987660388
out      0.011521244
in   7.483884408   7.298438260  27   2.012751963   1.987660388
out      0.011475669
in   7.483875666   7.298438260  27   2.012750795   1.987660388
out      0.011475128
in   7.483786586   7.298438260  27   2.012738892   1.987660388
out      0.011469619
in   7.483756449   7.298438260  27   2.012734865   1.987660388
out      0.011467755
in   7.483738482   7.298438260  27   2.012732464   1.987660388
out      0.011466644
in   7.483547243   7.298438260  27   2.012706910   1.987660388
out      0.011454817
in   7.483452139   7.298438260  27   2.012694201   1.987660388
out      0.011448935

in  20.000000000  18.879074349  33   2.995732274   2.938054131
out      0.066542489
in  20.000000000  17.740110691  33   2.995732274   2.875828216
out      0.134308474
in  19.999956092  17.740110691  33   2.995730078   2.875828216
out      0.134305870
in  19.999785462  17.740110691  33   2.995721547   2.875828216
out      0.134295752
in  19.999701814  17.740110691  33   2.995717364   2.875828216
out      0.134290792
in  19.999692677  17.740110691  33   2.995716907   2.875828216
out      0.134290250
in  19.999353225  17.740110691  33   2.995699934   2.875828216
out      0.134270120
in  19.998706455  17.740110691  33   2.995667594   2.875828216
out      0.134231767
in  19.997412941  17.740110691  33   2.995602912   2.875828216
out      0.134155061
in  19.994825947  17.740110691  33   2.995473537   2.875828216
out      0.134001651
in  19.989652279  17.740110691  33   2.995214754   2.875828216
out      0.133694847
in  19.979306301  17.740110691  33   2.994697053   2.875828216
out      0.133081311
in  19.958618892  17.740110691  33   2.993661075   2.875828216
out      0.131854472
in  19.917274707  17.740110691  33   2.991587431   2.875828216
out      0.129402469
in  19.834682304  17.740110691  33   2.987432037   2.875828216
out      0.124503581
in  19.670174757  17.740110691  33   2.979103517   2.875828216
out      0.114743689
in  19.343742860  17.740110691  33   2.962369001   2.875828216
out      0.095368048

in  18.729128238  18.049514450  33   2.930079972   2.893118784
out      0.040428821
in  18.729128238  17.740110691  33   2.930079972   2.875828216
out      0.058853507
in  18.112959286  17.740110691  33   2.896627665   2.875828216
out      0.022201284
in  18.096791841  17.740110691  33   2.895734676   2.875828216
out      0.021238953
in  18.096714826  17.740110691  33   2.895730420   2.875828216
out      0.021234369

in  20.000000000  19.915248525  33   2.995732274   2.991485696
out      0.005026176
in  20.000000000  17.740110691  33   2.995732274   2.875828216
out      0.134308474
in  19.999976133  17.740110691  33   2.995731080   2.875828216
out      0.134307059
in  19.999940234  17.740110691  33   2.995729285   2.875828216
out      0.134304930
in  19.999803560  17.740110691  33   2.995722452   2.875828216
out      0.134296825
in  19.999687194  17.740110691  33   2.995716633   2.875828216
out      0.134289925
in  19.999662875  17.740110691  33   2.995715417   2.875828216
out      0.134288483
in  19.999635086  17.740110691  33   2.995714028   2.875828216
out      0.134286835
in  19.999305569  17.740110691  33   2.995697551   2.875828216
out      0.134267294
in  19.998611254  17.740110691  33   2.995662834   2.875828216
out      0.134226121
in  19.997222745  17.740110691  33   2.995593401   2.875828216
out      0.134143782
in  19.994456853  17.740110691  33   2.995455078   2.875828216
out      0.133979763
in  19.988955003  17.740110691  33   2.995179871   2.875828216
out      0.133653497
in  19.978012535  17.740110691  33   2.994632296   2.875828216
out      0.133004587
in  19.956244838  17.740110691  33   2.993542119   2.875828216
out      0.131713679

in  19.717655829  17.803644789  33   2.981514469   2.879403200
out      0.113776581
in  19.717655829  17.740110691  33   2.981514469   2.875828216
out      0.117560957
in  19.633760539  17.740110691  33   2.977250561   2.875828216
out      0.112582895
in  19.467267211  17.740110691  33   2.968734451   2.875828216
out      0.102701375
in  19.137393615  17.740110691  33   2.951644202   2.875828216
out      0.083113682
in  18.483844796  17.740110691  33   2.916897096   2.875828216
out      0.044268584
in  18.093430181  17.740110691  33   2.895548899   2.875828216
out      0.021038854
in  18.069916713  17.740110691  33   2.894248495   2.875828216
out      0.019639200
in  18.066828376  17.740110691  33   2.894077570   2.875828216
out      0.019455359
in  18.066737465  17.740110691  33   2.894072538   2.875828216
out      0.019449948
in  18.066591929  17.740110691  33   2.894064483   2.875828216
out      0.019441284
in  18.066402747  17.740110691  33   2.894054012   2.875828216
out      0.019430023
in  18.066402099  17.740110691  33   2.894053976   2.875828216
out      0.019429984
in  18.066368675  17.740110691  33   2.894052126   2.875828216
out      0.019427994

in  20.000000000  19.486655027  33   2.995732274   2.969729874
out      0.030456248
in  20.000000000  17.740110691  33   2.995732274   2.875828216
out      0.134308474
in  19.999890641  17.740110691  33   2.995726806   2.875828216
out      0.134301989
in  19.999554020  17.740110691  33   2.995709974   2.875828216
out      0.134282028
in  19.999424316  17.740110691  33   2.995703489   2.875828216
out      0.134274336
in  19.998848634  17.740110691  33   2.995674704   2.875828216
out      0.134240198
in  19.997697274  17.740110691  33   2.995617131   2.875828216
out      0.134171922
in  19.995394564  17.740110691  33   2.995501975   2.875828216
out      0.134035370
in  19.990789217  17.740110691  33   2.995271628   2.875828216
out      0.133762269
in  19.981579579  17.740110691  33   2.994810828   2.875828216
out      0.133216121
in  19.963164034  17.740110691  33   2.993888777   2.875828216
out      0.132124020
in  19.926341762  17.740110691  33   2.992042563   2.875828216
out      0.129940226
in  19.852715004  17.740110691  33   2.988340774   2.875828216
out      0.125573238
in  19.706184853  17.740110691  33   2.980932538   2.875828216
out      0.116880355





in   7.350079414   7.298438260  27   1.994711118   1.987660388
out      0.003196985
in   7.298438260   6.323434582  26   1.987660388   1.844262507
out      0.060569447
in   7.350079414   7.298438260  27   1.994711118   1.987660388
out      0.003196985
in   6.862929588   6.294224186  26   1.926134404   1.839632417
out      0.035386131





in   6.264244430   5.428182946  25   1.834857979   1.691604446
out      0.052312109
in   5.428182946   4.919266752  24   1.691604446   1.593159485
out      0.032023165
in   6.264244430   5.428182946  25   1.834857979   1.691604446
out      0.052312109
in   5.905248853   5.428182946  25   1.775841591   1.691604446
out      0.029892696
in   5.849835899   5.428182946  25   1.766413609   1.691604446
out      0.026426544
in   5.845725029   5.428182946  25   1.765710630   1.691604446
out      0.026169343
in   5.845709759   5.428182946  25   1.765708018   1.691604446
out      0.026168387
in   5.845609145   5.428182946  25   1.765690806   1.691604446
out      0.026162092
in   5.845541865   5.428182946  25   1.765679296   1.691604446
out      0.026157883
in   5.845541626   5.428182946  25   1.765679256   1.691604446
out      0.026157868
in   5.845482666   5.428182946  25   1.765669169   1.691604446
out      0.026154179



in  20.000000000  18.398410025  33   2.995732274   2.912264249
out      0.095121673
in  20.000000000  17.740110691  33   2.995732274   2.875828216
out      0.134308474
in  19.999651743  17.740110691  33   2.995714861   2.875828216
out      0.134287823
in  19.999621097  17.740110691  33   2.995713328   2.875828216
out      0.134286005
in  19.999422797  17.740110691  33   2.995703413   2.875828216
out      0.134274246
in  19.998845596  17.740110691  33   2.995674552   2.875828216
out      0.134240018
in  19.997691199  17.740110691  33   2.995616827   2.875828216
out      0.134171562
in  19.995382417  17.740110691  33   2.995501368   2.875828216
out      0.134034650
in  19.990765063  17.740110691  33   2.995270420   2.875828216
out      0.133760836
in  19.981530651  17.740110691  33   2.994808379   2.875828216
out      0.133213220
in  19.963065440  17.740110691  33   2.993883838   2.875828216
out      0.132118173
in  19.926145911  17.740110691  33   2.992032734   2.875828216
out      0.129928610
in  19.852343343  17.740110691  33   2.988322053   2.875828216
out      0.125551193
in  19.704817601  17.740110691  33   2.980863154   2.875828216
out      0.116799231
in  19.410787434  17.740110691  33   2.965828965   2.875828216
out      0.099348532
in  18.828137147  17.740110691  33   2.935352408   2.875828216
out      0.064738682





in  13.413533866  13.306363354  31   2.596264187   2.588242369
out      0.006457641
in  13.413533866  13.194133167  31   2.596264187   2.579772274
out      0.013222471
in  13.310668704  13.194133167  31   2.588565872   2.579772274
out      0.007024294









in  13.287223724  13.194133167  31   2.586802951   2.579772274
out      0.005611331
in  13.194133167  12.499838698  30   2.579772274   2.525715740
out      0.041905240
in  13.287223724  13.194133167  31   2.586802951   2.579772274
out      0.005611331
in  13.285789994  13.194133167  31   2.586695043   2.579772274
out      0.005524920
in  13.285732806  13.194133167  31   2.586690738   2.579772274
out      0.005521474



in  20.000000000  17.740110691  33   2.995732274   2.875828216
out      0.134308474
in  17.740110691  17.541781851  32   2.875828216   2.864585570
out      0.011816765
in  20.000000000  17.740110691  33   2.995732274   2.875828216
out      0.134308474
in  19.999972217  17.740110691  33   2.995730884   2.875828216
out      0.134306827
in  19.999723496  17.740110691  33   2.995718448   2.875828216
out      0.134292077
in  19.999658140  17.740110691  33   2.995715180   2.875828216
out      0.134288202
in  19.999513694  17.740110691  33   2.995707958   2.875828216
out      0.134279636
in  19.999027389  17.740110691  33   2.995683642   2.875828216
out      0.134250798
in  19.998054789  17.740110691  33   2.995635008   2.875828216
out      0.134193123
in  19.996109622  17.740110691  33   2.995537736   2.875828216
out      0.134077773
in  19.992219354  17.740110691  33   2.995343166   2.875828216
out      0.133847077
in  19.984439339  17.740110691  33   2.994953938   2.875828216
out      0.133385711
in  19.968881393  17.740110691  33   2.994175131   2.875828216
out      0.132463082
in  19.937777277  17.740110691  33   2.992616288   2.875828216
out      0.130618441
in  19.875593439  17.740110691  33   2.989492519   2.875828216
out      0.126930281
in  19.751521708  17.740110691  33   2.983230537   2.875828216
out      0.119570217
in  19.508794332  17.740110691  33   2.970865355   2.875828216
out      0.105166341
in  19.060607261  17.740110691  33   2.947623758   2.875828216
out      0.078552340
in  18.240316222  17.740110691  33   2.903634321   2.875828216
out      0.029780792
in  18.004087400  17.740110691  33   2.890598810   2.875828216
out      0.015720301
in  17.935249437  17.740110691  33   2.886768019   2.875828216
out      0.011621717
in  17.901539548  17.740110691  33   2.884886717   2.875828216
out      0.009614427
in  17.883410093  17.740110691  33   2.883873473   2.875828216
out      0.008534831
in  17.874814582  17.740110691  33   2.883392716   2.875828216
out      0.008022961
in  17.870694687  17.740110691  33   2.883162203   2.875828216
out      0.007777614
in  17.868698128  17.740110691  33   2.883050474   2.875828216
out      0.007658714
in  17.867743443  17.740110691  33   2.882997045   2.875828216
out      0.007601861
in  17.867482369  17.740110691  33   2.882982433   2.875828216
out      0.007586313
in  17.867364151  17.740110691  33   2.882975817   2.875828216
out      0.007579273
in  17.866889723  17.740110691  33   2.882949264   2.875828216
out      0.007551019



in  20.000000000  19.683986037  33   2.995732274   2.979805414
out      0.018745269
in  20.000000000  17.740110691  33   2.995732274   2.875828216
out      0.134308474
in  19.999927899  17.740110691  33   2.995728668   2.875828216
out      0.134304199
in  19.999751927  17.740110691  33   2.995719870   2.875828216
out      0.134293763
in  19.999593791  17.740110691  33   2.995711963   2.875828216
out      0.134284386
in  19.999113451  17.740110691  33   2.995687945   2.875828216
out      0.134255902
in  19.998226903  17.740110691  33   2.995643615   2.875828216
out      0.134203329
in  19.996453816  17.740110691  33   2.995554949   2.875828216
out      0.134098184
in  19.992907709  17.740110691  33   2.995377596   2.875828216
out      0.133887897
in  19.985815993  17.740110691  33   2.995022822   2.875828216
out      0.133467349
in  19.971633852  17.740110691  33   2.994312959   2.875828216
out      0.132626312
in  19.943271487  17.740110691  33   2.992891818   2.875828216
out      0.130944285
in  19.886551888  17.740110691  33   2.990043719   2.875828216
out      0.127580264
in  19.773158813  17.740110691  33   2.984325402   2.875828216
out      0.120853877





in  19.670088389  18.646291779  33   2.979099126   2.925647294
out      0.060809826
in  19.670088389  17.740110691  33   2.979099126   2.875828216
out      0.114738564
in  19.355552429  17.740110691  33   2.962979326   2.875828216
out      0.096069228
in  18.729981123  17.740110691  33   2.930125509   2.875828216
out      0.058904208





in  18.374135264  18.351538661  33   2.910943984   2.909713422
out      0.001344295
in  18.374135264  17.740110691  33   2.910943984   2.875828216
out      0.037742735





in  18.266314937  18.030291656  33   2.905058650   2.892053213
out      0.014047494
in  18.266314937  17.740110691  33   2.905058650   2.875828216
out      0.031327831





in  14.324904876  13.617245228  31   2.661999622   2.611337021
out      0.042561758
in  14.324904876  13.194133167  31   2.661999622   2.579772274
out      0.068053126
in  14.170419055  13.194133167  31   2.651156627   2.579772274
out      0.058769252
in  14.160936234  13.194133167  31   2.650487204   2.579772274
out      0.058199243
in  14.160439941  13.194133167  31   2.650452157   2.579772274
out      0.058169411



in  20.000000000  19.825160029  33   2.995732274   2.986951840
out      0.010369745
in  20.000000000  17.740110691  33   2.995732274   2.875828216
out      0.134308474
in  19.999801283  17.740110691  33   2.995722338   2.875828216
out      0.134296690
in  19.999777258  17.740110691  33   2.995721136   2.875828216
out      0.134295266
in  19.999550674  17.740110691  33   2.995709807   2.875828216
out      0.134281829
in  19.999491060  17.740110691  33   2.995706826   2.875828216
out      0.134278294
in  19.998982121  17.740110691  33   2.995681378   2.875828216
out      0.134248114
in  19.997964251  17.740110691  33   2.995630481   2.875828216
out      0.134187754
in  19.995928534  17.740110691  33   2.995528680   2.875828216
out      0.134067035
in  19.991858745  17.740110691  33   2.995325128   2.875828216
out      0.133825693
in  19.983727339  17.740110691  33   2.994918309   2.875828216
out      0.133343488
in  19.967486943  17.740110691  33   2.994105298   2.875828216
out      0.132380386
in  19.935040413  17.740110691  33   2.992479008   2.875828216
out      0.130456125
in  19.870243600  17.740110691  33   2.989223316   2.875828216
out      0.126612958








in  19.712117337  19.512808973  33   2.981233540   2.971071120
out      0.011827713
in  19.712117337  17.740110691  33   2.981233540   2.875828216
out      0.117232346
in  19.538219932  17.740110691  33   2.972372544   2.875828216
out      0.106912866



in   1.486214488   1.432401925  16   0.396232275   0.359352703
out      0.003478595
in   1.432401925   1.371190712  15   0.359352703   0.315679495
out      0.003951640
in   1.486214488   1.432401925  16   0.396232275   0.359352703
out      0.003478595
in   1.408800832   1.235313436  15   0.342738869   0.211324732
out      0.011172080








in   1.214697013   1.065342944  14   0.194494674   0.063296761
out      0.009540485
in   0.377985653   0.365679803   6  -0.972899039  -1.005997184
out      0.000629786
in   1.214697013   1.065342944  14   0.194494674   0.063296761
out      0.009540485
in   1.157286323   1.065342944  14   0.146077888   0.063296761
out      0.005863616
in   1.103532946   1.065342944  14   0.098516802   0.063296761
out      0.002431708
in   1.053394056   0.918759204  13   0.052017385  -0.084731211
out      0.008501972
in   1.006588880   0.918759204  13   0.006567268  -0.084731211
out      0.005534345


in  18.026594485  17.740110691  33   2.891848139   2.875828216
out      0.017060236
in  17.740110691  17.324921857  32   2.875828216   2.852146035
out      0.024743693
in  18.026594485  17.740110691  33   2.891848139   2.875828216
out      0.017060236




in  17.658278049  15.299195497  32   2.871204685   2.727800245
out      0.140942625





in  17.149717475  16.370986935  32   2.841981700   2.795510679
out      0.046492275
in  17.149717475  15.299195497  32   2.841981700   2.727800245
out      0.110625486
in  16.524870078  15.299195497  32   2.804866524   2.727800245
out      0.073327252
in  16.498289122  15.299195497  32   2.803256686   2.727800245
out      0.071739365
in  16.496416297  15.299195497  32   2.803143163   2.727800245
out      0.071627482
in  16.496414689  15.299195497  32   2.803143066   2.727800245
out      0.071627386
